Results from GENEPOP
Wed Jun 19 08:36:21 AWST 2024


Output file from the program Isolde
___________________________________

16 populations (083621)

Fst/(1-Fst) estimates:

 0.4135 
 0.1941  0.4140 
 0.1161  0.2385  0.1435 
 0.0336  0.3665  0.1491  0.0854 
 0.0580  0.3953  0.2446  0.1231  0.0748 
 8.3881  5.1864  7.8290  5.6540  7.4166  9.3225 
 0.4611  0.2043  0.4469  0.2834  0.4170  0.3978  3.5678 
 0.2032  0.2088  0.2241  0.0783  0.1723  0.1932  5.0697  0.2404 
 0.1547  0.2454  0.1782  0.0284  0.1187  0.1626  5.5749  0.2834  0.0930 
 0.0800  0.4622  0.2467  0.1543  0.0860  0.1081  8.7990  0.5012  0.2390  0.1957 
 0.4834  0.2551  0.4616  0.3220  0.4454  0.3997  2.7920  0.0979  0.2772  0.3140  0.5172 
 4.9145  3.5791  4.6753  3.9544  4.6943  4.1528  0.2488  2.8412  3.6641  3.7943  5.1064  2.4906 
 0.6596  0.1300  0.6388  0.2555  0.5133  0.8242  0.0000  0.0751  0.1999  0.2757  0.7327  0.0811  2.1013 
 0.5563  0.3030  0.5277  0.3136  0.4850  0.4882  2.9702  0.1546  0.2602  0.3106  0.6028  0.1234  2.3832  0.0573 
 0.6866  0.3026  0.6721  0.3816  0.5947  0.6826  3.8852  0.0693  0.3183  0.3934  0.7592  0.0573  2.4622  0.1309  0.1413 

Ln(distance):

 2.9486 
 1.1119  2.7776 
 1.7422  2.5923  1.0116 
 0.5878  2.8645  0.6881  1.4469 
 0.9163  3.0639  1.6734  2.0882  1.4563 
 4.6842  4.7742  4.7012  4.7101  4.6838  4.6821 
 3.5453  3.1171  3.4849  3.4115  3.4926  3.6128  4.6855 
 2.5960  1.9095  2.3656  2.0744  2.4587  2.7651  4.7223  3.1377 
 1.7370  2.5945  1.0006 -2.9957  1.4398  2.0857  4.7095  3.4111  2.0757 
 1.4586  3.1215  1.9155  2.2523  1.8066  0.6780  4.6907  3.6623  2.8588  2.2513 
 3.8470  3.6273  3.8149  3.7714  3.8104  3.8932  4.6098  2.7265  3.6120  3.7709  3.9326 
 4.4826  4.5820  4.5014  4.5102  4.4806  4.4823  3.0497  4.4687  4.5204  4.5096  4.4942  4.3763 
 2.7498  1.3584  2.5337  2.2986  2.6539  2.8831  4.7681  3.2414  1.6696  2.3026  2.9460  3.6964  4.5765 
 3.4664  3.2316  3.4236  3.3642  3.4135  3.5325  4.6004  2.2159  3.1446  3.3631  3.5885  2.7007  4.3620  3.3054 
 3.6615  3.3145  3.6120  3.5505  3.6152  3.7209  4.6687  1.5974  3.3243  3.5502  3.7661  2.3514  4.4480  3.4167  2.2814 

Fitting Fst/(1-Fst) to a + b ln(distance)
a = -1.9041253, b =  1.02619264
10000 permutations
(statistic: Spearman Rank correlation coefficient):

Test of isolation by distance (One tailed Pvalue):
 Pr(correlation > observed correlation) =0.00000 under null hypothesis

Other one tailed Pvalue:
 Pr(correlation < observed correlation) =1.00000 under null hypothesis


__________________________________________________________________
Below is data for use in Excel (or other) spreadsheet graph
__________________________________________________________________

 2.9486   0.4135
 1.1119   0.1941
 2.7776   0.4140
 1.7422   0.1161
 2.5923   0.2385
 1.0116   0.1435
 0.5878   0.0336
 2.8645   0.3665
 0.6881   0.1491
 1.4469   0.0854
 0.9163   0.0580
 3.0639   0.3953
 1.6734   0.2446
 2.0882   0.1231
 1.4563   0.0748
 4.6842   8.3881
 4.7742   5.1864
 4.7012   7.8290
 4.7101   5.6540
 4.6838   7.4166
 4.6821   9.3225
 3.5453   0.4611
 3.1171   0.2043
 3.4849   0.4469
 3.4115   0.2834
 3.4926   0.4170
 3.6128   0.3978
 4.6855   3.5678
 2.5960   0.2032
 1.9095   0.2088
 2.3656   0.2241
 2.0744   0.0783
 2.4587   0.1723
 2.7651   0.1932
 4.7223   5.0697
 3.1377   0.2404
 1.7370   0.1547
 2.5945   0.2454
 1.0006   0.1782
-2.9957   0.0284
 1.4398   0.1187
 2.0857   0.1626
 4.7095   5.5749
 3.4111   0.2834
 2.0757   0.0930
 1.4586   0.0800
 3.1215   0.4622
 1.9155   0.2467
 2.2523   0.1543
 1.8066   0.0860
 0.6780   0.1081
 4.6907   8.7990
 3.6623   0.5012
 2.8588   0.2390
 2.2513   0.1957
 3.8470   0.4834
 3.6273   0.2551
 3.8149   0.4616
 3.7714   0.3220
 3.8104   0.4454
 3.8932   0.3997
 4.6098   2.7920
 2.7265   0.0979
 3.6120   0.2772
 3.7709   0.3140
 3.9326   0.5172
 4.4826   4.9145
 4.5820   3.5791
 4.5014   4.6753
 4.5102   3.9544
 4.4806   4.6943
 4.4823   4.1528
 3.0497   0.2488
 4.4687   2.8412
 4.5204   3.6641
 4.5096   3.7943
 4.4942   5.1064
 4.3763   2.4906
 2.7498   0.6596
 1.3584   0.1300
 2.5337   0.6388
 2.2986   0.2555
 2.6539   0.5133
 2.8831   0.8242
 4.7681   0.0000
 3.2414   0.0751
 1.6696   0.1999
 2.3026   0.2757
 2.9460   0.7327
 3.6964   0.0811
 4.5765   2.1013
 3.4664   0.5563
 3.2316   0.3030
 3.4236   0.5277
 3.3642   0.3136
 3.4135   0.4850
 3.5325   0.4882
 4.6004   2.9702
 2.2159   0.1546
 3.1446   0.2602
 3.3631   0.3106
 3.5885   0.6028
 2.7007   0.1234
 4.3620   2.3832
 3.3054   0.0573
 3.6615   0.6866
 3.3145   0.3026
 3.6120   0.6721
 3.5505   0.3816
 3.6152   0.5947
 3.7209   0.6826
 4.6687   3.8852
 1.5974   0.0693
 3.3243   0.3183
 3.5502   0.3934
 3.7661   0.7592
 2.3514   0.0573
 4.4480   2.4622
 3.4167   0.1309
 2.2814   0.1413
